181624
179078
113659
147755
191645
148661
192962
135290
192589
171011
124806
177892
189616
184853
126968
167025
108886
119308
195669
129125
135815
137202
116620
119867
100958
158497
165321
118406
143951
107863
100347
179960
160533
190859
115413
182144
132290
129981
148853
184816
107010
138533
194053
127703
160545
170842
167246
164876
186048
174314
149391
173401
120546
141905
197466
166884
124984
124676
162058
189441
149524
153599
147920
193507
165097
113152
118366
145834
166170
110166
193604
182414
